1234567 200 49 21 2 5
00000000000000000111111110000000000000000000001111110011111111000111111100000000
00001111111111111222222221000000000000000000012222221122222222101224444210111000
00012222222222222222322221000000000000000001122222222222442222101242222411222100
00012111112111111222222221000000000000000012222222221122442222111422442411212100
00012111112111111222222221000000000000000012122222221122222222122442424241212100
00012222214344422222222221000000000000111112122222321122222222121422224244212100
00012111214242242222222221000001111111222222222222221121111122222244424241212100
00012101222222424222222221000012222221222222221111110121000144222111112121212100
00012101212224424342222221000012222221222222222210000121000144222110012121212100
00012101212222422224211110000012222221222222222210000121000122222221012121212100
00012101212222424442210000000012222221222222222211001121111122222121012121212100
00012101212222244222210000111112222221222222222222112222222222222221012121212100
01112101212222222211100001222222222222222222222212112121111111111110012121212100
12222101212222222210000001212111111121222222222222222121111110000000012121212100
12222101212222222211000001212100000121212222222222222222222221000000012121212100
12222101212222222222100001212111100122222222222222222222222221000000012121212100
12222101222222211112100001222222210122222221122222222222222221000001112141212100
12222101212111210012100001222222310122222221122222222222222221000012222424212100
12222111212111210012100001222222210122222221122222222222244222100012222442212100
012222222222212111121111112222222101222222210111222222L2422422100012222222222100
01212111111122222222122222222222210122222221000012222222442422100012222222222100
0121210000012222244212111121111110001111111111111A222222222442100012442222222100
01212100000122222442121001211111000000000012222222222244442422100014224222222100
01212100000122222222121001222223100000000122222112222422242424100014242422222100
01212111111122222222121001211112100000000122222112224244422244100012423242222100
01222222222222222222221001222222100000000122222112242241111111000012242242222100
00111111111122222222110000111111000000000122232112244221000000000001114422222100
00000000000011111111000000000000000000000122222101111110000000000000001111111000
00000000000000000000000000000000000000000011111000000000000000000000000000000000
00000000000000000000000000000000000000000000000000000000000000000000000000000000
