123 0 47 8 U 4
00000000000000000000000000000000000000000000000000000000000000000000000000000000
00000000000111111111111000000000000000000000000000000000000000000000000000000000
00000000001222222222222100000000000111100000000111111100001111111000000000000000
00000000001211111111112100000111111222211100001222222210012222222100111111000000
00000000001210000000012100001222222222222210001222222210012222222101222222100000
00000111111211111111112100001211121211111210001222222211112222222101222222100000
00001222222222222222222100001210122222222210011222222222222222222101222222100000
00001212111211111222222100111210122222222210122222222222222222222101222222100000
00001212101210001222222101222221122222222210122U22111222222222222101222222100000
00001212101210012222222101222221122222222210122222101222222222222101222222100000
00001212101210012222222111222221122222222210122222211222222221211001222222100000
00001212101210012222222222222222122222222210122222211222222221210001222222100000
00001212111211112111111111222222122222222210122222211222222221210000111112100000
00001222222222222222222100111222222111111210122222211111111111210000000012100000
00000112222222222112112111111222222222222210012121222222210001210000000012100000
00000012111212112112112122222222222222222211112121222222211111211111111112100000
00000012101212112222222124422222222222222222212222222222222222222222222212100000
00000012101212112442222124422222222222222222212121222222211111211121111212100000
00011112101212112442222122222222121222222222212121222222221111211121111212100000
00122222211212122222222122222222221111122222222222222442221222222222222222100000
00122222211212122222442122222222221000124222212121222442221222221111111111000000
00122222211212122222442122222222221000142422212121222222222222221000000000000000
00122222211212122222222111111222221000144222222222222222221222221000000000000000
00122222211222222222222100001222221111111111222222222222221222221000000000000000
00122222211222222222222100001222222222222222222222222222222222221000000000000000
00122222211222222111111000000111121112111111222222222222111111110000000000000000
00011111100122222100000000000000122222222222222222222222100000000000000000000000
00000000000122222100000000000000011111111111222222222222100000000000000000000000
00000000000011111000000000000000000000000000111111111111000000000000000000000000
00000000000000000000000000000000000000000000000000000000000000000000000000000000
